************************************************************
CuckooHashTable entries summary      
No of flow entries  in CuckooHashTable: 929

Below are the flow ids in CuckooHashTable(zero represents an empty entry)

FLOWID | INDEX
30400084  |  0
778175468  |  1
73089237  |  2
374026777  |  3
1096946542  |  4
0  |  5
1441942630  |  6
1213298490  |  7
449878776  |  8
1355663649  |  9
1869865645  |  10
0  |  11
334668035  |  12
1485878026  |  13
949067295  |  14
0  |  15
941116912  |  16
1196327132  |  17
2002391201  |  18
1754520005  |  19
1295911431  |  20
1535686305  |  21
1149457481  |  22
1465813869  |  23
1899843221  |  24
1690953125  |  25
1037788623  |  26
955754532  |  27
1069337300  |  28
1997610025  |  29
184552300  |  30
1641217638  |  31
993452116  |  32
326245541  |  33
1714413752  |  34
848840786  |  35
1838143902  |  36
1842605391  |  37
0  |  38
312708868  |  39
405431548  |  40
819420532  |  41
83244668  |  42
1150027437  |  43
1799645687  |  44
532552642  |  45
336348559  |  46
2105407032  |  47
1927281686  |  48
2082139377  |  49
0  |  50
374121304  |  51
1288986546  |  52
294331335  |  53
977322744  |  54
60244276  |  55
1249868109  |  56
420848366  |  57
837320553  |  58
422682574  |  59
128041787  |  60
303578435  |  61
1630970706  |  62
1560929152  |  63
700182200  |  64
0  |  65
1417550510  |  66
1355305747  |  67
280051349  |  68
2051895815  |  69
2143739169  |  70
405820714  |  71
1580119434  |  72
1180706062  |  73
1909600113  |  74
1104680549  |  75
639526913  |  76
427094092  |  77
1966489884  |  78
641818096  |  79
559399524  |  80
2008746484  |  81
547756072  |  82
444511590  |  83
979892684  |  84
1120575015  |  85
1891012049  |  86
1688771791  |  87
152304760  |  88
1403272522  |  89
671258365  |  90
1571358227  |  91
1187799145  |  92
1218169317  |  93
7251359  |  94
313233825  |  95
1059087554  |  96
578489069  |  97
1939749950  |  98
1038190497  |  99
2029873004  |  100
1885210665  |  101
486864553  |  102
714115218  |  103
2126293951  |  104
214521909  |  105
677347882  |  106
567648479  |  107
2029586984  |  108
55304984  |  109
59909611  |  110
1952896510  |  111
1180909019  |  112
254627498  |  113
131767979  |  114
337740264  |  115
0  |  116
431572535  |  117
475196117  |  118
0  |  119
556848733  |  120
804343730  |  121
0  |  122
1679522342  |  123
468053097  |  124
332982170  |  125
2060088571  |  126
271971932  |  127
159539547  |  128
1371990792  |  129
184055442  |  130
1079682126  |  131
1938680774  |  132
830359738  |  133
0  |  134
0  |  135
769639590  |  136
1456895068  |  137
423085890  |  138
1156299487  |  139
479364595  |  140
1316085144  |  141
505133760  |  142
1210962037  |  143
141787032  |  144
0  |  145
2040264345  |  146
1928272445  |  147
1040254862  |  148
857594440  |  149
1651576417  |  150
61248254  |  151
723743617  |  152
1635761185  |  153
1918144945  |  154
617692139  |  155
127251239  |  156
2048259686  |  157
240001069  |  158
137059195  |  159
1869274652  |  160
986757985  |  161
1107080800  |  162
1827851269  |  163
1156399540  |  164
1045136379  |  165
488343085  |  166
1021534082  |  167
1200272926  |  168
1709833811  |  169
1796227933  |  170
0  |  171
189615716  |  172
1139753893  |  173
1623564932  |  174
123691976  |  175
1214480819  |  176
437965935  |  177
2079392740  |  178
263850095  |  179
326059303  |  180
428200459  |  181
1050814331  |  182
589613663  |  183
796196443  |  184
1647719505  |  185
769418013  |  186
1111359164  |  187
98303218  |  188
2058655562  |  189
0  |  190
1321605913  |  191
1728836060  |  192
1573393379  |  193
1198911334  |  194
1500168201  |  195
187548927  |  196
1657052272  |  197
215184520  |  198
996335123  |  199
0  |  200
539358209  |  201
1040584146  |  202
784625255  |  203
1060347692  |  204
299207182  |  205
60604979  |  206
949561321  |  207
544366627  |  208
1270498059  |  209
973966690  |  210
1268928453  |  211
260423509  |  212
1687916974  |  213
1633720131  |  214
186965143  |  215
1796296043  |  216
1237182772  |  217
2055392053  |  218
28114817  |  219
1585094408  |  220
293408741  |  221
1070215289  |  222
933621873  |  223
456017623  |  224
1076235732  |  225
1110893536  |  226
1418264579  |  227
493521093  |  228
1099517598  |  229
1422201410  |  230
1967059288  |  231
1299601813  |  232
1615537628  |  233
945140175  |  234
752113245  |  235
1798523482  |  236
703844507  |  237
1727980807  |  238
1733996413  |  239
922906114  |  240
1426294007  |  241
1727054732  |  242
1082349541  |  243
1361439362  |  244
879124867  |  245
1176480781  |  246
1816647202  |  247
766671617  |  248
0  |  249
418202765  |  250
556725986  |  251
2055854436  |  252
478176414  |  253
708517108  |  254
1516514591  |  255
2083621748  |  256
0  |  257
2128456972  |  258
196870442  |  259
731017192  |  260
1895228902  |  261
1610836932  |  262
1643841881  |  263
1752117098  |  264
2107295828  |  265
1366725828  |  266
279360258  |  267
1787176002  |  268
2124966474  |  269
1016875548  |  270
2093966715  |  271
178186476  |  272
1070480798  |  273
647764936  |  274
1584910629  |  275
1917653540  |  276
217549091  |  277
2052725061  |  278
2112074763  |  279
1977263534  |  280
1386896594  |  281
1316986705  |  282
1577584385  |  283
845315203  |  284
2046444569  |  285
365532804  |  286
82995757  |  287
1934975561  |  288
934393295  |  289
11598736  |  290
1168981300  |  291
1673809800  |  292
1024136319  |  293
0  |  294
568840177  |  295
750308702  |  296
1758698257  |  297
614670871  |  298
2004659338  |  299
952804827  |  300
522197968  |  301
1545384223  |  302
0  |  303
130945327  |  304
409732282  |  305
1546058573  |  306
111340793  |  307
596733115  |  308
1188151701  |  309
1015217730  |  310
666356959  |  311
1485010582  |  312
821746288  |  313
420241464  |  314
995177744  |  315
264222087  |  316
1342814525  |  317
1171129275  |  318
2142885473  |  319
1606111550  |  320
907534625  |  321
1220894728  |  322
823596251  |  323
476911729  |  324
1323061125  |  325
1733890562  |  326
587827413  |  327
1923362790  |  328
673261431  |  329
0  |  330
1700925755  |  331
1167159159  |  332
2144827804  |  333
1808824278  |  334
727270957  |  335
992511316  |  336
322555677  |  337
1435639451  |  338
1459153980  |  339
1503599239  |  340
581102628  |  341
164332103  |  342
954213868  |  343
1522742334  |  344
1545257993  |  345
222758119  |  346
0  |  347
173086525  |  348
2082216923  |  349
1834649359  |  350
820368056  |  351
97686282  |  352
1349360195  |  353
422661532  |  354
159410232  |  355
1112335397  |  356
1860516851  |  357
824118718  |  358
763813043  |  359
689536709  |  360
1743124322  |  361
821128228  |  362
539760771  |  363
1377440576  |  364
0  |  365
249637585  |  366
0  |  367
159410526  |  368
1788559907  |  369
317361423  |  370
1850475453  |  371
1773765771  |  372
1516633538  |  373
530126989  |  374
373792562  |  375
1701423222  |  376
856360531  |  377
0  |  378
168548333  |  379
1838820254  |  380
2035668505  |  381
458405797  |  382
1435522038  |  383
799357486  |  384
893587889  |  385
1183703446  |  386
1023031721  |  387
717659220  |  388
808497265  |  389
376437207  |  390
1889004127  |  391
0  |  392
295400833  |  393
406738001  |  394
31344280  |  395
1475950468  |  396
733076610  |  397
32457414  |  398
13022385  |  399
1070159293  |  400
1272212091  |  401
2126889200  |  402
1446113719  |  403
2056119129  |  404
1400645973  |  405
1431502093  |  406
791297413  |  407
1059931193  |  408
1618831505  |  409
2110931808  |  410
272325875  |  411
2075531589  |  412
1714697412  |  413
928243539  |  414
864419998  |  415
423422241  |  416
126834256  |  417
355560870  |  418
804548761  |  419
1917359161  |  420
131769806  |  421
0  |  422
720889950  |  423
682609714  |  424
218008647  |  425
528774940  |  426
0  |  427
997317910  |  428
249881667  |  429
14486738  |  430
918186063  |  431
1769643854  |  432
717011868  |  433
577826238  |  434
764249481  |  435
1881022190  |  436
1492028068  |  437
1676382132  |  438
1652828463  |  439
1143612735  |  440
220582140  |  441
465623718  |  442
1347285722  |  443
2097732226  |  444
114874159  |  445
819389018  |  446
0  |  447
1965580818  |  448
1825057336  |  449
1130914940  |  450
0  |  451
728504086  |  452
2136671936  |  453
2097315173  |  454
2001838499  |  455
29565725  |  456
713485316  |  457
44277550  |  458
1225592604  |  459
0  |  460
0  |  461
1782001697  |  462
1348736132  |  463
791352121  |  464
412910630  |  465
235081428  |  466
1743190895  |  467
316141809  |  468
580137105  |  469
1812171934  |  470
1626032871  |  471
83201091  |  472
1838176297  |  473
792894758  |  474
961368993  |  475
1332328053  |  476
1890270594  |  477
1816497449  |  478
175084659  |  479
103151846  |  480
496371860  |  481
1365419979  |  482
433441069  |  483
82998207  |  484
1584619883  |  485
1063365139  |  486
1544549906  |  487
1455230667  |  488
0  |  489
1940900875  |  490
1139440277  |  491
162572587  |  492
1697629275  |  493
599589177  |  494
518253258  |  495
1337224550  |  496
1648414738  |  497
488590351  |  498
1264125758  |  499
1589420099  |  500
1455881380  |  501
548271275  |  502
1739778967  |  503
924594279  |  504
1592990705  |  505
1227185501  |  506
2127799530  |  507
785657352  |  508
887117891  |  509
403055002  |  510
512969246  |  511
1972462365  |  512
1774179284  |  513
1188278023  |  514
1209925592  |  515
943294290  |  516
0  |  517
578784453  |  518
1284719749  |  519
738092755  |  520
1034755998  |  521
1280062284  |  522
514259979  |  523
208881159  |  524
835208071  |  525
1339666854  |  526
2078337592  |  527
0  |  528
331652193  |  529
98510358  |  530
821438597  |  531
1999576532  |  532
1161625989  |  533
1140740950  |  534
2069561836  |  535
705402772  |  536
804886587  |  537
1303624986  |  538
1665961854  |  539
625415471  |  540
1433513721  |  541
1953149523  |  542
1704973756  |  543
226750203  |  544
1314030836  |  545
1665094528  |  546
0  |  547
453867520  |  548
0  |  549
387725473  |  550
459928340  |  551
1485824374  |  552
1487921854  |  553
1574456607  |  554
1453299813  |  555
1687821378  |  556
791499992  |  557
1029619661  |  558
1484693385  |  559
1729461937  |  560
653537055  |  561
125938683  |  562
2140614461  |  563
1133583833  |  564
729186525  |  565
910415460  |  566
1516309859  |  567
790418305  |  568
1434518786  |  569
309889903  |  570
1394185532  |  571
470746562  |  572
1882903140  |  573
278399824  |  574
239558484  |  575
481575925  |  576
1926299961  |  577
1210199681  |  578
826534774  |  579
0  |  580
646157381  |  581
1259220052  |  582
0  |  583
456181715  |  584
769690952  |  585
1803357054  |  586
38896016  |  587
472137836  |  588
665603514  |  589
679484074  |  590
722348586  |  591
1581940888  |  592
1860664248  |  593
152637164  |  594
1462641132  |  595
1328203663  |  596
0  |  597
426711985  |  598
1133741323  |  599
0  |  600
484770180  |  601
209311753  |  602
1987614253  |  603
2079667243  |  604
2118410419  |  605
0  |  606
343423160  |  607
873029768  |  608
422509869  |  609
149597097  |  610
1056049237  |  611
1674510672  |  612
1754568456  |  613
971986501  |  614
0  |  615
338744069  |  616
1347139876  |  617
1279496033  |  618
1474372755  |  619
245006741  |  620
1863739963  |  621
2136046492  |  622
1951493834  |  623
456334593  |  624
28985832  |  625
1325289164  |  626
882671682  |  627
768249442  |  628
703076269  |  629
2057977572  |  630
564874366  |  631
1903197923  |  632
1116742898  |  633
1191056187  |  634
0  |  635
570524032  |  636
1696790958  |  637
1338784568  |  638
1023215316  |  639
1558988890  |  640
1995815906  |  641
621255344  |  642
620594693  |  643
0  |  644
178851273  |  645
1783058659  |  646
887341680  |  647
649127950  |  648
39462605  |  649
1061746109  |  650
1825036659  |  651
0  |  652
743197562  |  653
1513912925  |  654
243705950  |  655
1571279771  |  656
1382958693  |  657
0  |  658
619715403  |  659
1535996867  |  660
41389343  |  661
892526422  |  662
156840004  |  663
71127791  |  664
521297235  |  665
1870566440  |  666
676715833  |  667
2050007760  |  668
71134771  |  669
992324620  |  670
1849619203  |  671
1799055175  |  672
853452076  |  673
1777087551  |  674
896893198  |  675
1446443907  |  676
423121199  |  677
1555650089  |  678
1655211370  |  679
1708152551  |  680
1973142035  |  681
120325006  |  682
1036660639  |  683
878666208  |  684
1848592705  |  685
652474225  |  686
2130308853  |  687
0  |  688
1873558979  |  689
378101627  |  690
1261121535  |  691
131461224  |  692
69369658  |  693
1891780505  |  694
2101436949  |  695
0  |  696
1039384638  |  697
794919014  |  698
547914222  |  699
104198286  |  700
2075551016  |  701
1066694751  |  702
0  |  703
1762428201  |  704
624869030  |  705
1193548815  |  706
847833892  |  707
321810531  |  708
0  |  709
1787215241  |  710
462254195  |  711
1295211737  |  712
52342406  |  713
2123849803  |  714
1363575838  |  715
366941095  |  716
51310186  |  717
2003953930  |  718
1419758909  |  719
405839436  |  720
1118689304  |  721
828368055  |  722
1054492303  |  723
0  |  724
309636172  |  725
60428514  |  726
285534776  |  727
121581373  |  728
0  |  729
596041212  |  730
2117152428  |  731
834106439  |  732
0  |  733
1080074049  |  734
688924909  |  735
1377504208  |  736
692916713  |  737
1778794814  |  738
1783146835  |  739
538569717  |  740
893469632  |  741
1904063646  |  742
1336437969  |  743
794752349  |  744
791775578  |  745
626323195  |  746
0  |  747
35724788  |  748
135853805  |  749
380106476  |  750
157827857  |  751
174961135  |  752
0  |  753
699409345  |  754
1865003260  |  755
0  |  756
1052930751  |  757
258335314  |  758
285275789  |  759
117966361  |  760
1527850263  |  761
252665282  |  762
1229988899  |  763
1608409244  |  764
1204058976  |  765
2071450634  |  766
1632176062  |  767
88827776  |  768
671487166  |  769
107133442  |  770
995437124  |  771
1997977917  |  772
158166120  |  773
1948302217  |  774
195388126  |  775
1651090987  |  776
1813680874  |  777
1275869553  |  778
299156304  |  779
704871176  |  780
2142497616  |  781
2025382965  |  782
2092726887  |  783
1344751397  |  784
107493151  |  785
1318258599  |  786
464356166  |  787
387356734  |  788
1531490069  |  789
2005101445  |  790
191911738  |  791
1526277572  |  792
2101983753  |  793
1927281941  |  794
1116599192  |  795
918955297  |  796
1226468201  |  797
2123670831  |  798
2094123455  |  799
0  |  800
587438170  |  801
1760622400  |  802
1982382146  |  803
1569305691  |  804
1262200835  |  805
857222490  |  806
904443920  |  807
0  |  808
604858719  |  809
50769082  |  810
1172810764  |  811
1826623442  |  812
1775899924  |  813
843198172  |  814
1948701626  |  815
1065624111  |  816
1062200832  |  817
868862536  |  818
278343607  |  819
1234352605  |  820
1376068234  |  821
1087539248  |  822
269803245  |  823
42011386  |  824
1009194163  |  825
29300195  |  826
177858053  |  827
2000938568  |  828
1571392785  |  829
93278286  |  830
2137707609  |  831
362262753  |  832
1509547916  |  833
149588062  |  834
0  |  835
0  |  836
917811407  |  837
80002194  |  838
1210626298  |  839
980345681  |  840
533342518  |  841
1341234913  |  842
1774161949  |  843
1381851544  |  844
324777954  |  845
2134144871  |  846
378444583  |  847
267965353  |  848
403029521  |  849
443491758  |  850
1096112598  |  851
55248624  |  852
0  |  853
1037197648  |  854
1632622184  |  855
285377482  |  856
1905890845  |  857
161316831  |  858
838924003  |  859
0  |  860
1462401093  |  861
1843769353  |  862
520918419  |  863
837796695  |  864
1165206281  |  865
130937164  |  866
1493537839  |  867
1215161138  |  868
385045246  |  869
980974410  |  870
0  |  871
219325866  |  872
1648948316  |  873
0  |  874
0  |  875
1593110870  |  876
1210229631  |  877
1979048841  |  878
734685266  |  879
1343368656  |  880
636453548  |  881
1464346129  |  882
1307254119  |  883
1009259020  |  884
1867812439  |  885
697716981  |  886
832295278  |  887
1850180413  |  888
2100023243  |  889
1972999079  |  890
340331384  |  891
115320164  |  892
1841217232  |  893
729777810  |  894
288862895  |  895
775907932  |  896
380990970  |  897
1005749091  |  898
662872595  |  899
1227101123  |  900
1441880028  |  901
1353462638  |  902
1703076383  |  903
676243180  |  904
1230265660  |  905
222209292  |  906
345833640  |  907
418817429  |  908
987004979  |  909
266258519  |  910
951155096  |  911
1272159732  |  912
573213429  |  913
1836260993  |  914
1523218643  |  915
0  |  916
1332722277  |  917
287510588  |  918
657145769  |  919
1538500133  |  920
54597236  |  921
198541116  |  922
1092624571  |  923
892626796  |  924
113763478  |  925
368777137  |  926
903742668  |  927
392531383  |  928
450102249  |  929
1553677014  |  930
910007171  |  931
275253325  |  932
2077782082  |  933
685955148  |  934
2068545957  |  935
1503767960  |  936
514295999  |  937
872797710  |  938
2088549300  |  939
438787819  |  940
1942154822  |  941
1149508057  |  942
458210754  |  943
1090855759  |  944
0  |  945
18974012  |  946
1455691406  |  947
365767581  |  948
470407839  |  949
188711082  |  950
865647711  |  951
948663070  |  952
1112747514  |  953
436094824  |  954
891279489  |  955
755015779  |  956
2088178939  |  957
1270715186  |  958
760663485  |  959
829834497  |  960
1933385930  |  961
573132535  |  962
162342694  |  963
1327312875  |  964
1937600950  |  965
89278859  |  966
579147665  |  967
0  |  968
2046910551  |  969
1255427659  |  970
416619539  |  971
1297491084  |  972
386699036  |  973
1599222954  |  974
1755523402  |  975
305415464  |  976
2135773081  |  977
0  |  978
607277676  |  979
1668962240  |  980
1784885515  |  981
1100914644  |  982
769970241  |  983
1326278532  |  984
1326090058  |  985
1476569743  |  986
1629845145  |  987
1061277322  |  988
1026981286  |  989
262949186  |  990
732680839  |  991
1991299940  |  992
1795773072  |  993
1692078197  |  994
1540729228  |  995
587904683  |  996
0  |  997
1051984607  |  998
0  |  999
