************************************************************
DLeftHashTable entries summary      
No of flow entries  in DLeftHashTable: 836

Below are the flow ids in DLeftHashTable(zero represents an empty entry)

FLOWID | INDEX
1493537839  |  0
1516514591  |  1
137059195  |  2
127251239  |  3
0  |  4
51310186  |  5
1355663649  |  6
665603514  |  7
791499992  |  8
496371860  |  9
1220894728  |  10
559399524  |  11
1227185501  |  12
971986501  |  13
1279496033  |  14
514259979  |  15
1697629275  |  16
1545384223  |  17
1196327132  |  18
1069337300  |  19
1024136319  |  20
764249481  |  21
1210626298  |  22
0  |  23
162342694  |  24
1120575015  |  25
97686282  |  26
689536709  |  27
458405797  |  28
1318258599  |  29
456334593  |  30
479364595  |  31
159410526  |  32
928243539  |  33
1838143902  |  34
2051895815  |  35
219325866  |  36
2140614461  |  37
427094092  |  38
1051984607  |  39
1441880028  |  40
285377482  |  41
478176414  |  42
82995757  |  43
790418305  |  44
1503767960  |  45
1803621737  |  46
462254195  |  47
794752349  |  48
1394185532  |  49
267965353  |  50
41389343  |  51
1535686305  |  52
1657052272  |  53
2130308853  |  54
365532804  |  55
1580119434  |  56
1933385930  |  57
1218169317  |  58
1341234913  |  59
1841217232  |  60
676715833  |  61
80002194  |  62
688924909  |  63
1459153980  |  64
337740264  |  65
340331384  |  66
1270715186  |  67
522197968  |  68
1869274652  |  69
484770180  |  70
326059303  |  71
1210199681  |  72
896893198  |  73
671258365  |  74
1112335397  |  75
0  |  76
1139440277  |  77
1431502093  |  78
1116742898  |  79
245006741  |  80
470746562  |  81
222758119  |  82
1690953125  |  83
0  |  84
1679522342  |  85
823596251  |  86
2136046492  |  87
679484074  |  88
544366627  |  89
1948302217  |  90
264222087  |  91
2040264345  |  92
2035668505  |  93
941116912  |  94
0  |  95
1727054732  |  96
1948701626  |  97
1382958693  |  98
567648479  |  99
287510588  |  100
175084659  |  101
1777087551  |  102
834106439  |  103
196870442  |  104
918955297  |  105
1997610025  |  106
954213868  |  107
868862536  |  108
673261431  |  109
1065624111  |  110
0  |  111
128041787  |  112
864419998  |  113
2124966474  |  114
2075551016  |  115
1903197923  |  116
218008647  |  117
1755523402  |  118
1376068234  |  119
271971932  |  120
152637164  |  121
755015779  |  122
0  |  123
450102249  |  124
1040254862  |  125
1133741323  |  126
1188278023  |  127
1139753893  |  128
2029873004  |  129
1942154822  |  130
652474225  |  131
1615537628  |  132
316141809  |  133
821746288  |  134
1608409244  |  135
0  |  136
1272212091  |  137
547756072  |  138
209311753  |  139
1909600113  |  140
1225592604  |  141
1526277572  |  142
1096946542  |  143
1150027437  |  144
1889004127  |  145
0  |  146
1869865645  |  147
1288986546  |  148
178186476  |  149
2094123455  |  150
30400084  |  151
539760771  |  152
1040584146  |  153
401038215  |  154
131461224  |  155
428200459  |  156
1036660639  |  157
826534774  |  158
0  |  159
917811407  |  160
1813680874  |  161
520918419  |  162
2001838499  |  163
1229988899  |  164
1023031721  |  165
1200272926  |  166
488343085  |  167
252665282  |  168
29300195  |  169
162572587  |  170
717659220  |  171
141787032  |  172
0  |  173
1589420099  |  174
288862895  |  175
195388126  |  176
775907932  |  177
538569717  |  178
1045136379  |  179
1110893536  |  180
705402772  |  181
1545257993  |  182
0  |  183
322555677  |  184
733076610  |  185
1972462365  |  186
2025382965  |  187
692916713  |  188
2068545957  |  189
1005749091  |  190
2002391201  |  191
368777137  |  192
714115218  |  193
1485010582  |  194
2088178939  |  195
403029521  |  196
1838176297  |  197
476911729  |  198
278343607  |  199
1419758909  |  200
158166120  |  201
366941095  |  202
1462641132  |  203
647764936  |  204
1323061125  |  205
1940900875  |  206
1733996413  |  207
149588062  |  208
420241464  |  209
38896016  |  210
409732282  |  211
882671682  |  212
1198911334  |  213
0  |  214
376437207  |  215
2101436949  |  216
226750203  |  217
723743617  |  218
980974410  |  219
157827857  |  220
1784885515  |  221
1544549906  |  222
1927281686  |  223
1758698257  |  224
1647719505  |  225
1708152551  |  226
1816497449  |  227
1061746109  |  228
1760622400  |  229
123691976  |  230
1210229631  |  231
299207182  |  232
0  |  233
785657352  |  234
1059087554  |  235
548271275  |  236
1632176062  |  237
1386896594  |  238
676243180  |  239
2005101445  |  240
392531383  |  241
1118689304  |  242
1191056187  |  243
1882903140  |  244
161316831  |  245
848840786  |  246
1143612735  |  247
1917359161  |  248
2083621748  |  249
1107080800  |  250
1054492303  |  251
1456895068  |  252
0  |  253
1987614253  |  254
2075531589  |  255
266258519  |  256
791297413  |  257
599589177  |  258
215184520  |  259
184552300  |  260
1180909019  |  261
113763478  |  262
1092624571  |  263
61248254  |  264
1523218643  |  265
345833640  |  266
596041212  |  267
657145769  |  268
996335123  |  269
2126293951  |  270
829834497  |  271
1009194163  |  272
530126989  |  273
1272159732  |  274
55304984  |  275
1061277322  |  276
324777954  |  277
1303624986  |  278
671487166  |  279
83201091  |  280
59909611  |  281
0  |  282
907534625  |  283
2000938568  |  284
1485824374  |  285
649127950  |  286
1023215316  |  287
1187799145  |  288
768249442  |  289
35724788  |  290
1433513721  |  291
1843769353  |  292
1455691406  |  293
0  |  294
1701423222  |  295
152270218  |  296
235081428  |  297
1553677014  |  298
1571279771  |  299
734685266  |  300
1500168201  |  301
910007171  |  302
29565725  |  303
0  |  304
1133583833  |  305
1665961854  |  306
403055002  |  307
338744069  |  308
405431548  |  309
1558988890  |  310
2088549300  |  311
0  |  312
1112747514  |  313
1021534082  |  314
294331335  |  315
843198172  |  316
2050007760  |  317
1648948316  |  318
1015217730  |  319
458210754  |  320
111340793  |  321
1918144945  |  322
1999576532  |  323
1688771791  |  324
159539547  |  325
1342814525  |  326
1783058659  |  327
955754532  |  328
699409345  |  329
1314030836  |  330
532552642  |  331
0  |  332
620594693  |  333
1104680549  |  334
624869030  |  335
979892684  |  336
1337224550  |  337
1635761185  |  338
0  |  339
198541116  |  340
130937164  |  341
1327312875  |  342
0  |  343
729186525  |  344
14486738  |  345
177858053  |  346
1674510672  |  347
1264125758  |  348
0  |  349
0  |  350
1180706062  |  351
130945327  |  352
0  |  353
1865003260  |  354
1156399540  |  355
0  |  356
729777810  |  357
922906114  |  358
1676382132  |  359
131769806  |  360
0  |  361
436094824  |  362
1995815906  |  363
1599222954  |  364
0  |  365
847833892  |  366
374026777  |  367
107493151  |  368
249637585  |  369
743197562  |  370
187548927  |  371
279360258  |  372
1422201410  |  373
1485878026  |  374
1161625989  |  375
1633720131  |  376
1513912925  |  377
1870566440  |  378
814214531  |  379
662872595  |  380
728504086  |  381
131767979  |  382
0  |  383
309889903  |  384
1227101123  |  385
2093966715  |  386
0  |  387
1729461937  |  388
2057977572  |  389
0  |  390
2082216923  |  391
378444583  |  392
564244200  |  393
28114817  |  394
472137836  |  395
769639590  |  396
0  |  397
1435856603  |  398
387356734  |  399
186965143  |  400
581102628  |  401
995177744  |  402
1863739963  |  403
653537055  |  404
2069561836  |  405
820368056  |  406
904443920  |  407
2082139377  |  408
727270957  |  409
1270498059  |  410
2060088571  |  411
1344751397  |  412
152304760  |  413
2048259686  |  414
1782001697  |  415
125938683  |  416
791775578  |  417
208881159  |  418
416619539  |  419
1651576417  |  420
0  |  421
475196117  |  422
1733890562  |  423
1029619661  |  424
1446113719  |  425
1571358227  |  426
412910630  |  427
168548333  |  428
0  |  429
614670871  |  430
760663485  |  431
1348736132  |  432
910415460  |  433
332982170  |  434
1574456607  |  435
1100914644  |  436
214521909  |  437
1849619203  |  438
887341680  |  439
191911738  |  440
422661532  |  441
1826623442  |  442
1332722277  |  443
1446443907  |  444
240353140  |  445
178851273  |  446
103151846  |  447
934393295  |  448
1754520005  |  449
69369658  |  450
518253258  |  451
1316986705  |  452
1168981300  |  453
1982382146  |  454
365767581  |  455
0  |  456
60244276  |  457
0  |  458
0  |  459
60428514  |  460
808497265  |  461
1484693385  |  462
438787819  |  463
0  |  464
708480834  |  465
2078337592  |  466
254627498  |  467
174961135  |  468
596733115  |  469
1546058573  |  470
1512750666  |  471
1476569743  |  472
1080074049  |  473
2142885473  |  474
1881022190  |  475
269817887  |  476
1332328053  |  477
1261121535  |  478
326245541  |  479
83244668  |  480
704871176  |  481
1774161949  |  482
11598736  |  483
1255427659  |  484
539358209  |  485
1215161138  |  486
39462605  |  487
0  |  488
418817429  |  489
1778794814  |  490
2079392740  |  491
514295999  |  492
1096112598  |  493
752113245  |  494
924594279  |  495
2008746484  |  496
1808824278  |  497
1249868109  |  498
1799645687  |  499
1371990792  |  500
313233825  |  501
1034755998  |  502
821438597  |  503
422682574  |  504
32457414  |  505
0  |  506
2077782082  |  507
249881667  |  508
2097315173  |  509
564874366  |  510
386699036  |  511
184055442  |  512
1967059288  |  513
528774940  |  514
1237182772  |  515
1462401093  |  516
587904683  |  517
2101983753  |  518
240001069  |  519
1812171934  |  520
1629845145  |  521
677347882  |  522
819389018  |  523
0  |  524
1453299813  |  525
1991299940  |  526
1899843221  |  527
1926299961  |  528
717011868  |  529
873029768  |  530
521297235  |  531
1560929152  |  532
819420532  |  533
1349360195  |  534
986757985  |  535
0  |  536
0  |  537
1592990705  |  538
1284719749  |  539
0  |  540
1668962240  |  541
1842605391  |  542
1165206281  |  543
293408741  |  544
2144827804  |  545
1361439362  |  546
1062200832  |  547
1316085144  |  548
1632451661  |  549
1775899924  |  550
1577584385  |  551
0  |  552
1965580818  |  553
1540729228  |  554
0  |  555
791352121  |  556
1728836060  |  557
88827776  |  558
1848592705  |  559
1692078197  |  560
1752117098  |  561
1326090058  |  562
778175468  |  563
1321605913  |  564
164332103  |  565
1641217638  |  566
18974012  |  567
0  |  568
312708868  |  569
0  |  570
845315203  |  571
220582140  |  572
1769643854  |  573
636453548  |  574
336348559  |  575
2058655562  |  576
2055392053  |  577
1665094528  |  578
1971212582  |  579
89278859  |  580
878666208  |  581
903742668  |  582
1696790958  |  583
769418013  |  584
769970241  |  585
891279489  |  586
1183703446  |  587
0  |  588
0  |  589
188711082  |  590
0  |  591
1928272445  |  592
2079667243  |  593
639526913  |  594
13022385  |  595
1353462638  |  596
547914222  |  597
2004659338  |  598
1917653540  |  599
0  |  600
1066694751  |  601
1503599239  |  602
464356166  |  603
1193548815  |  604
1234352605  |  605
1714697412  |  606
0  |  607
997317910  |  608
893587889  |  609
1904063646  |  610
1516633538  |  611
1295911431  |  612
2135773081  |  613
794919014  |  614
533342518  |  615
1584619883  |  616
269803245  |  617
1172810764  |  618
355560870  |  619
1972999079  |  620
1070480798  |  621
703844507  |  622
2092726887  |  623
1816647202  |  624
961368993  |  625
405839436  |  626
1867812439  |  627
0  |  628
135853805  |  629
278399824  |  630
187554359  |  631
0  |  632
0  |  633
732161896  |  634
1435522038  |  635
646157381  |  636
579147665  |  637
1573393379  |  638
0  |  639
1090855759  |  640
470407839  |  641
331652193  |  642
1210962037  |  643
0  |  644
1687916974  |  645
2118410419  |  646
1009259020  |  647
0  |  648
828368055  |  649
1739778967  |  650
1347139876  |  651
0  |  652
463003884  |  653
28985832  |  654
837320553  |  655
556848733  |  656
0  |  657
433441069  |  658
217549091  |  659
1799055175  |  660
1149508057  |  661
0  |  662
1618831505  |  663
55248624  |  664
1050814331  |  665
1275869553  |  666
1754568456  |  667
1056049237  |  668
1850180413  |  669
0  |  670
0  |  671
1492028068  |  672
423121199  |  673
0  |  674
0  |  675
0  |  676
4949448  |  677
1860516851  |  678
0  |  679
824118718  |  680
0  |  681
1798523482  |  682
0  |  683
1149493811  |  684
1905890845  |  685
685955148  |  686
750308702  |  687
0  |  688
973966690  |  689
1544862750  |  690
0  |  691
0  |  692
0  |  693
1226468201  |  694
420848366  |  695
0  |  696
222209292  |  697
2100023243  |  698
0  |  699
943294290  |  700
120325006  |  701
1788559907  |  702
1339666854  |  703
0  |  704
1891780505  |  705
456017623  |  706
626323195  |  707
1873558979  |  708
0  |  709
0  |  710
0  |  711
0  |  712
1860664248  |  713
0  |  714
1465813869  |  715
875927641  |  716
0  |  717
2126889200  |  718
0  |  719
1455230667  |  720
0  |  721
524171533  |  722
0  |  723
1648414738  |  724
872797710  |  725
625415471  |  726
1535996867  |  727
821128228  |  728
0  |  729
1743124322  |  730
1885210665  |  731
0  |  732
0  |  733
886805979  |  734
580137105  |  735
1715007473  |  736
666356959  |  737
1299601813  |  738
423085890  |  739
0  |  740
0  |  741
305415464  |  742
0  |  743
1449342211  |  744
0  |  745
0  |  746
280051349  |  747
2055854436  |  748
0  |  749
1149457481  |  750
1834649359  |  751
121581373  |  752
1280062284  |  753
1555650089  |  754
856360531  |  755
1059931193  |  756
1783146835  |  757
0  |  758
0  |  759
0  |  760
449878776  |  761
1787215241  |  762
0  |  763
0  |  764
1326278532  |  765
87759958  |  766
1213298490  |  767
1204058976  |  768
2107179320  |  769
1167159159  |  770
2138608651  |  771
0  |  772
0  |  773
0  |  774
1807472043  |  775
703076269  |  776
1606544405  |  777
1455881380  |  778
0  |  779
951155096  |  780
0  |  781
697716981  |  782
0  |  783
500314480  |  784
117966361  |  785
493521093  |  786
0  |  787
2137707609  |  788
1531490069  |  789
912766475  |  790
1626032871  |  791
1825036659  |  792
1632622184  |  793
1795773072  |  794
0  |  795
0  |  796
0  |  797
1700925755  |  798
1079682126  |  799
2105407032  |  800
373792562  |  801
0  |  802
295400833  |  803
317361423  |  804
1111359164  |  805
2046910551  |  806
799357486  |  807
987004979  |  808
682609714  |  809
0  |  810
0  |  811
738092755  |  812
0  |  813
1786464451  |  814
0  |  815
0  |  816
720889950  |  817
0  |  818
1434518786  |  819
893469632  |  820
0  |  821
0  |  822
2142497616  |  823
804343730  |  824
0  |  825
1214480819  |  826
892626796  |  827
114874159  |  828
1377504208  |  829
380990970  |  830
568840177  |  831
1417088396  |  832
854145251  |  833
486864553  |  834
0  |  835
0  |  836
1487921854  |  837
1651090987  |  838
2029586984  |  839
1643841881  |  840
1336437969  |  841
443491758  |  842
1966489884  |  843
2128456972  |  844
879919373  |  845
189615716  |  846
1400645973  |  847
0  |  848
1070215289  |  849
1979048841  |  850
71134771  |  851
456181715  |  852
0  |  853
1581940888  |  854
1773765771  |  855
0  |  856
0  |  857
1365419979  |  858
1630970706  |  859
0  |  860
0  |  861
40153058  |  862
992511316  |  863
0  |  864
0  |  865
362262753  |  866
431572535  |  867
50769082  |  868
2117152428  |  869
285534776  |  870
437965935  |  871
505133760  |  872
0  |  873
0  |  874
31344280  |  875
949067295  |  876
1082349541  |  877
1052930751  |  878
1347285722  |  879
2071450634  |  880
731017192  |  881
1130914940  |  882
0  |  883
949561321  |  884
1787176002  |  885
0  |  886
426711985  |  887
1176480781  |  888
0  |  889
0  |  890
641818096  |  891
1923362790  |  892
0  |  893
2004428050  |  894
933621873  |  895
1891012049  |  896
604858719  |  897
239558484  |  898
945140175  |  899
2046444569  |  900
0  |  901
173086525  |  902
977322744  |  903
796196443  |  904
0  |  905
0  |  906
577826238  |  907
0  |  908
1366725828  |  909
71127791  |  910
406738001  |  911
2123849803  |  912
587827413  |  913
44277550  |  914
1538500133  |  915
0  |  916
1307254119  |  917
405820714  |  918
830359738  |  919
1063365139  |  920
0  |  921
1937600950  |  922
1527850263  |  923
556725986  |  924
1652828463  |  925
1509547916  |  926
1827851269  |  927
1571392785  |  928
260423509  |  929
0  |  930
107133442  |  931
700182200  |  932
0  |  933
0  |  934
0  |  935
0  |  936
1796227933  |  937
374121304  |  938
1403272522  |  939
0  |  940
1026981286  |  941
1593110870  |  942
422509869  |  943
2123670831  |  944
892526422  |  945
98303218  |  946
468053097  |  947
708517108  |  948
0  |  949
262949186  |  950
792894758  |  951
0  |  952
82998207  |  953
0  |  954
459928340  |  955
572719163  |  956
952804827  |  957
857222490  |  958
0  |  959
1997977917  |  960
1890270594  |  961
0  |  962
0  |  963
722348586  |  964
380106476  |  965
1426294007  |  966
0  |  967
887117891  |  968
0  |  969
1593256853  |  970
1516309859  |  971
123797178  |  972
0  |  973
1262200835  |  974
0  |  975
573132535  |  976
2127799530  |  977
804886587  |  978
587438170  |  979
0  |  980
1951493834  |  981
0  |  982
832295278  |  983
1328203663  |  984
1838820254  |  985
1441942630  |  986
0  |  987
481575925  |  988
1610836932  |  989
54597236  |  990
617692139  |  991
418202765  |  992
621255344  |  993
2056119129  |  994
1934975561  |  995
1939749950  |  996
0  |  997
2052725061  |  998
0  |  999
