************************************************************
MultiHashTable entries summary      
No of flow entries  in MultiHashTable: 812

Below are the flow ids in MultiHashTable(zero represents an empty entry)

FLOWID | INDEX
30400084  |  0
778175468  |  1
73089237  |  2
374026777  |  3
1096946542  |  4
0  |  5
868862536  |  6
1577584385  |  7
449878776  |  8
986757985  |  9
1869865645  |  10
0  |  11
1365419979  |  12
1485878026  |  13
196870442  |  14
0  |  15
941116912  |  16
1196327132  |  17
2002391201  |  18
717659220  |  19
1295911431  |  20
1535686305  |  21
1571279771  |  22
647764936  |  23
418817429  |  24
214521909  |  25
1037788623  |  26
0  |  27
1069337300  |  28
1997610025  |  29
184552300  |  30
1641217638  |  31
405820714  |  32
1647719505  |  33
892626796  |  34
0  |  35
271971932  |  36
117966361  |  37
0  |  38
703076269  |  39
405431548  |  40
52342406  |  41
1799645687  |  42
1066694751  |  43
995177744  |  44
532552642  |  45
1972999079  |  46
2105407032  |  47
1927281686  |  48
2082139377  |  49
0  |  50
1610836932  |  51
0  |  52
294331335  |  53
977322744  |  54
60244276  |  55
1249868109  |  56
420848366  |  57
1040584146  |  58
422682574  |  59
128041787  |  60
1991299940  |  61
2060088571  |  62
1560929152  |  63
1264125758  |  64
0  |  65
1417550510  |  66
161316831  |  67
470407839  |  68
2051895815  |  69
1280062284  |  70
0  |  71
1580119434  |  72
1180706062  |  73
1909600113  |  74
1417088396  |  75
1917359161  |  76
427094092  |  77
1966489884  |  78
641818096  |  79
559399524  |  80
134498212  |  81
0  |  82
0  |  83
945140175  |  84
1803621737  |  85
1891012049  |  86
0  |  87
152304760  |  88
1403272522  |  89
671258365  |  90
828368055  |  91
0  |  92
1218169317  |  93
7251359  |  94
470746562  |  95
1059087554  |  96
2008746484  |  97
1939749950  |  98
1038190497  |  99
2029873004  |  100
1885210665  |  101
0  |  102
714115218  |  103
2126293951  |  104
31344280  |  105
677347882  |  106
130937164  |  107
2029586984  |  108
55304984  |  109
131769806  |  110
1952896510  |  111
1998742998  |  112
254627498  |  113
131767979  |  114
405839436  |  115
0  |  116
1112747514  |  117
18974012  |  118
0  |  119
0  |  120
804343730  |  121
0  |  122
1679522342  |  123
409732282  |  124
11598736  |  125
500314480  |  126
1838820254  |  127
505133760  |  128
0  |  129
184055442  |  130
665603514  |  131
910007171  |  132
476911729  |  133
0  |  134
0  |  135
0  |  136
0  |  137
423085890  |  138
1156299487  |  139
1080074049  |  140
174961135  |  141
0  |  142
1210962037  |  143
0  |  144
0  |  145
1573393379  |  146
1593256853  |  147
1040254862  |  148
1500168201  |  149
1651576417  |  150
61248254  |  151
322555677  |  152
1635761185  |  153
1918144945  |  154
0  |  155
639526913  |  156
2048259686  |  157
0  |  158
0  |  159
2083621748  |  160
0  |  161
1161625989  |  162
1827851269  |  163
1156399540  |  164
1045136379  |  165
1316085144  |  166
1021534082  |  167
1200272926  |  168
891279489  |  169
387725473  |  170
0  |  171
189615716  |  172
1139753893  |  173
71127791  |  174
0  |  175
1214480819  |  176
979892684  |  177
2079392740  |  178
263850095  |  179
326059303  |  180
428200459  |  181
1050814331  |  182
1593110870  |  183
796196443  |  184
365532804  |  185
893469632  |  186
1111359164  |  187
98303218  |  188
0  |  189
0  |  190
1923362790  |  191
1728836060  |  192
103151846  |  193
1198911334  |  194
0  |  195
0  |  196
1657052272  |  197
0  |  198
996335123  |  199
0  |  200
1972462365  |  201
1456895068  |  202
784625255  |  203
1060347692  |  204
299207182  |  205
1967059288  |  206
872797710  |  207
0  |  208
0  |  209
973966690  |  210
1850180413  |  211
260423509  |  212
1687916974  |  213
1633720131  |  214
1455881380  |  215
1812171934  |  216
1928272445  |  217
1386896594  |  218
28114817  |  219
1465813869  |  220
293408741  |  221
1070215289  |  222
933621873  |  223
456017623  |  224
1606544405  |  225
1110893536  |  226
1418264579  |  227
1191056187  |  228
1775899924  |  229
1220894728  |  230
0  |  231
2101983753  |  232
1615537628  |  233
0  |  234
752113245  |  235
1798523482  |  236
703844507  |  237
1727980807  |  238
1733996413  |  239
689536709  |  240
0  |  241
1727054732  |  242
1076235732  |  243
1361439362  |  244
879124867  |  245
0  |  246
0  |  247
766671617  |  248
0  |  249
418202765  |  250
2142885473  |  251
2055854436  |  252
685955148  |  253
708517108  |  254
0  |  255
856360531  |  256
0  |  257
2128456972  |  258
0  |  259
731017192  |  260
1895228902  |  261
0  |  262
1643841881  |  263
1752117098  |  264
239558484  |  265
1366725828  |  266
279360258  |  267
1787176002  |  268
393669431  |  269
1016875548  |  270
2093966715  |  271
0  |  272
1070480798  |  273
943294290  |  274
1584910629  |  275
1917653540  |  276
1422201410  |  277
2052725061  |  278
2112074763  |  279
1977263534  |  280
215184520  |  281
1316986705  |  282
1422738926  |  283
222758119  |  284
2046444569  |  285
1796227933  |  286
1237182772  |  287
1104680549  |  288
934393295  |  289
1796296043  |  290
1213298490  |  291
0  |  292
0  |  293
0  |  294
568840177  |  295
750308702  |  296
1758698257  |  297
614670871  |  298
1513912925  |  299
1082349541  |  300
0  |  301
135853805  |  302
0  |  303
240001069  |  304
1571358227  |  305
1522742334  |  306
111340793  |  307
1133741323  |  308
1188151701  |  309
1015217730  |  310
1754520005  |  311
1713524373  |  312
1704973756  |  313
420241464  |  314
0  |  315
264222087  |  316
1257970074  |  317
1462641132  |  318
1821972817  |  319
1606111550  |  320
907534625  |  321
0  |  322
823596251  |  323
1299601813  |  324
1323061125  |  325
1733890562  |  326
587827413  |  327
0  |  328
673261431  |  329
0  |  330
1987614253  |  331
1167159159  |  332
2144827804  |  333
1808824278  |  334
727270957  |  335
992511316  |  336
0  |  337
1435639451  |  338
1459153980  |  339
1503599239  |  340
1938680774  |  341
954213868  |  342
0  |  343
539358209  |  344
955754532  |  345
993452116  |  346
0  |  347
173086525  |  348
2082216923  |  349
848840786  |  350
820368056  |  351
97686282  |  352
1349360195  |  353
422661532  |  354
159410232  |  355
1112335397  |  356
1860516851  |  357
824118718  |  358
763813043  |  359
676715833  |  360
29565725  |  361
821128228  |  362
539760771  |  363
1377440576  |  364
0  |  365
249637585  |  366
0  |  367
159410526  |  368
1270498059  |  369
317361423  |  370
0  |  371
1773765771  |  372
1516633538  |  373
530126989  |  374
373792562  |  375
917811407  |  376
0  |  377
0  |  378
168548333  |  379
0  |  380
1546058573  |  381
458405797  |  382
2025382965  |  383
159539547  |  384
893587889  |  385
1183703446  |  386
1023031721  |  387
0  |  388
808497265  |  389
376437207  |  390
1889004127  |  391
0  |  392
1485824374  |  393
406738001  |  394
785657352  |  395
1475950468  |  396
733076610  |  397
32457414  |  398
13022385  |  399
1070159293  |  400
125938683  |  401
2126889200  |  402
1176480781  |  403
162572587  |  404
1400645973  |  405
1024136319  |  406
0  |  407
266258519  |  408
1599222954  |  409
2110931808  |  410
1063365139  |  411
2075531589  |  412
1714697412  |  413
928243539  |  414
864419998  |  415
423422241  |  416
126834256  |  417
355560870  |  418
804548761  |  419
1099517598  |  420
2088178939  |  421
0  |  422
720889950  |  423
1697629275  |  424
218008647  |  425
528774940  |  426
0  |  427
997317910  |  428
249881667  |  429
14486738  |  430
1332328053  |  431
896893198  |  432
717011868  |  433
764249481  |  434
0  |  435
1881022190  |  436
0  |  437
1676382132  |  438
55248624  |  439
1143612735  |  440
220582140  |  441
324777954  |  442
1347285722  |  443
2097732226  |  444
114874159  |  445
0  |  446
0  |  447
0  |  448
1825057336  |  449
1130914940  |  450
0  |  451
821746288  |  452
2136671936  |  453
2097315173  |  454
2001838499  |  455
0  |  456
713485316  |  457
44277550  |  458
1225592604  |  459
0  |  460
0  |  461
1782001697  |  462
1348736132  |  463
0  |  464
412910630  |  465
235081428  |  466
1743190895  |  467
316141809  |  468
581102628  |  469
723743617  |  470
1626032871  |  471
83201091  |  472
208881159  |  473
792894758  |  474
1838143902  |  475
903742668  |  476
1890270594  |  477
0  |  478
175084659  |  479
0  |  480
496371860  |  481
0  |  482
734685266  |  483
82998207  |  484
1584619883  |  485
1655211370  |  486
1544549906  |  487
1455230667  |  488
0  |  489
1940900875  |  490
1139440277  |  491
0  |  492
0  |  493
791297413  |  494
518253258  |  495
0  |  496
1648414738  |  497
0  |  498
486864553  |  499
1589420099  |  500
157827857  |  501
548271275  |  502
1739778967  |  503
924594279  |  504
1592990705  |  505
617692139  |  506
2127799530  |  507
1632176062  |  508
887117891  |  509
403055002  |  510
1527850263  |  511
1755523402  |  512
1774179284  |  513
1188278023  |  514
1784885515  |  515
0  |  516
0  |  517
1140740950  |  518
624869030  |  519
738092755  |  520
1079682126  |  521
0  |  522
514259979  |  523
0  |  524
835208071  |  525
1187799145  |  526
2078337592  |  527
0  |  528
331652193  |  529
1321605913  |  530
479364595  |  531
1999576532  |  532
0  |  533
692916713  |  534
572719163  |  535
705402772  |  536
804886587  |  537
336348559  |  538
1665961854  |  539
0  |  540
1433513721  |  541
743197562  |  542
456181715  |  543
912766475  |  544
1314030836  |  545
1665094528  |  546
0  |  547
121581373  |  548
0  |  549
1133583833  |  550
2088549300  |  551
1435522038  |  552
1487921854  |  553
462254195  |  554
1453299813  |  555
904443920  |  556
791499992  |  557
1029619661  |  558
0  |  559
2140614461  |  560
653537055  |  561
728504086  |  562
1816497449  |  563
0  |  564
729186525  |  565
769639590  |  566
1516309859  |  567
790418305  |  568
1434518786  |  569
309889903  |  570
137059195  |  571
0  |  572
1882903140  |  573
278399824  |  574
1376068234  |  575
1860664248  |  576
0  |  577
1210199681  |  578
826534774  |  579
0  |  580
646157381  |  581
1259220052  |  582
0  |  583
599589177  |  584
1120575015  |  585
522197968  |  586
38896016  |  587
472137836  |  588
1441942630  |  589
679484074  |  590
722348586  |  591
1581940888  |  592
0  |  593
152637164  |  594
0  |  595
1328203663  |  596
0  |  597
2046910551  |  598
0  |  599
0  |  600
484770180  |  601
209311753  |  602
0  |  603
980974410  |  604
2118410419  |  605
0  |  606
794752349  |  607
873029768  |  608
422509869  |  609
1092624571  |  610
1056049237  |  611
791352121  |  612
1754568456  |  613
1492028068  |  614
0  |  615
2069561836  |  616
1347139876  |  617
1279496033  |  618
1762428201  |  619
245006741  |  620
392531383  |  621
2136046492  |  622
1951493834  |  623
0  |  624
1377504208  |  625
1816647202  |  626
882671682  |  627
768249442  |  628
579147665  |  629
2057977572  |  630
1503767960  |  631
1903197923  |  632
1116742898  |  633
1512750666  |  634
0  |  635
1244907467  |  636
1255427659  |  637
1540729228  |  638
1023215316  |  639
1558988890  |  640
556848733  |  641
621255344  |  642
620594693  |  643
0  |  644
178851273  |  645
1783058659  |  646
887341680  |  647
649127950  |  648
39462605  |  649
1061746109  |  650
1825036659  |  651
0  |  652
0  |  653
187548927  |  654
481575925  |  655
1927281941  |  656
1382958693  |  657
0  |  658
1891780505  |  659
1039384638  |  660
41389343  |  661
892526422  |  662
156840004  |  663
334668035  |  664
521297235  |  665
1870566440  |  666
1842605391  |  667
2050007760  |  668
478176414  |  669
992324620  |  670
1849619203  |  671
949561321  |  672
853452076  |  673
1777087551  |  674
0  |  675
1446443907  |  676
60604979  |  677
1555650089  |  678
1342814525  |  679
1708152551  |  680
1973142035  |  681
120325006  |  682
700182200  |  683
1788559907  |  684
1848592705  |  685
652474225  |  686
1523218643  |  687
0  |  688
1873558979  |  689
378101627  |  690
1261121535  |  691
131461224  |  692
1227101123  |  693
538569717  |  694
2101436949  |  695
0  |  696
177858053  |  697
794919014  |  698
1180909019  |  699
104198286  |  700
1441880028  |  701
50769082  |  702
0  |  703
769418013  |  704
671487166  |  705
141787032  |  706
847833892  |  707
299156304  |  708
0  |  709
1787215241  |  710
0  |  711
2075551016  |  712
0  |  713
2123849803  |  714
1363575838  |  715
366941095  |  716
51310186  |  717
1485010582  |  718
1419758909  |  719
0  |  720
1118689304  |  721
386418776  |  722
1054492303  |  723
0  |  724
309636172  |  725
60428514  |  726
285534776  |  727
2035668505  |  728
0  |  729
596041212  |  730
386699036  |  731
834106439  |  732
0  |  733
0  |  734
688924909  |  735
82995757  |  736
0  |  737
1778794814  |  738
1783146835  |  739
832295278  |  740
0  |  741
444511590  |  742
1336437969  |  743
1769643854  |  744
791775578  |  745
488343085  |  746
0  |  747
0  |  748
0  |  749
380106476  |  750
1446113719  |  751
0  |  752
0  |  753
699409345  |  754
178186476  |  755
0  |  756
1426294007  |  757
258335314  |  758
127251239  |  759
240353140  |  760
488590351  |  761
252665282  |  762
0  |  763
1608409244  |  764
1204058976  |  765
1229988899  |  766
0  |  767
385045246  |  768
1009194163  |  769
0  |  770
995437124  |  771
1516514591  |  772
158166120  |  773
1948302217  |  774
195388126  |  775
1168981300  |  776
226750203  |  777
1275869553  |  778
107133442  |  779
704871176  |  780
2142497616  |  781
0  |  782
2092726887  |  783
1344751397  |  784
0  |  785
1318258599  |  786
464356166  |  787
387356734  |  788
0  |  789
2005101445  |  790
662872595  |  791
0  |  792
1268928453  |  793
819389018  |  794
1926299961  |  795
918955297  |  796
1226468201  |  797
625415471  |  798
2094123455  |  799
0  |  800
0  |  801
1760622400  |  802
1982382146  |  803
1813680874  |  804
1262200835  |  805
374121304  |  806
0  |  807
0  |  808
338744069  |  809
1979048841  |  810
1172810764  |  811
1826623442  |  812
1295211737  |  813
843198172  |  814
1948701626  |  815
544366627  |  816
1062200832  |  817
0  |  818
278343607  |  819
1234352605  |  820
547756072  |  821
1087539248  |  822
269803245  |  823
42011386  |  824
0  |  825
29300195  |  826
1660522922  |  827
2000938568  |  828
2068545957  |  829
93278286  |  830
423121199  |  831
567648479  |  832
1509547916  |  833
149588062  |  834
0  |  835
0  |  836
0  |  837
80002194  |  838
1210626298  |  839
980345681  |  840
775907932  |  841
1341234913  |  842
1774161949  |  843
1381851544  |  844
1696790958  |  845
2134144871  |  846
453867520  |  847
267965353  |  848
403029521  |  849
2124966474  |  850
1096112598  |  851
0  |  852
0  |  853
1037197648  |  854
1632622184  |  855
285377482  |  856
0  |  857
1673809800  |  858
1355663649  |  859
0  |  860
1462401093  |  861
2079667243  |  862
520918419  |  863
837796695  |  864
459928340  |  865
0  |  866
1493537839  |  867
1215161138  |  868
1535996867  |  869
1531490069  |  870
0  |  871
219325866  |  872
1648948316  |  873
0  |  874
0  |  875
1688771791  |  876
1210229631  |  877
971986501  |  878
0  |  879
1343368656  |  880
636453548  |  881
1743124322  |  882
186965143  |  883
1009259020  |  884
222209292  |  885
1303624986  |  886
0  |  887
1272212091  |  888
2100023243  |  889
1668962240  |  890
340331384  |  891
1795773072  |  892
1841217232  |  893
729777810  |  894
288862895  |  895
0  |  896
380990970  |  897
1005749091  |  898
107493151  |  899
0  |  900
0  |  901
1353462638  |  902
666356959  |  903
676243180  |  904
1036660639  |  905
2015252043  |  906
345833640  |  907
596733115  |  908
1904063646  |  909
456334593  |  910
1569305691  |  911
1272159732  |  912
573213429  |  913
1836260993  |  914
0  |  915
0  |  916
1332722277  |  917
287510588  |  918
657145769  |  919
949067295  |  920
1165206281  |  921
198541116  |  922
123691976  |  923
1701423222  |  924
113763478  |  925
587438170  |  926
0  |  927
1850475453  |  928
450102249  |  929
1838176297  |  930
1965580818  |  931
1553677014  |  932
2077782082  |  933
0  |  934
0  |  935
829834497  |  936
514295999  |  937
28985832  |  938
1020147882  |  939
438787819  |  940
1942154822  |  941
1690953125  |  942
458210754  |  943
1090855759  |  944
0  |  945
0  |  946
1455691406  |  947
365767581  |  948
1337224550  |  949
188711082  |  950
1799055175  |  951
1905890845  |  952
0  |  953
35724788  |  954
0  |  955
755015779  |  956
1394185532  |  957
1270715186  |  958
760663485  |  959
1288986546  |  960
1933385930  |  961
1052930751  |  962
1484693385  |  963
1327312875  |  964
313233825  |  965
89278859  |  966
0  |  967
0  |  968
1526277572  |  969
378444583  |  970
2040264345  |  971
1297491084  |  972
4949448  |  973
570524032  |  974
0  |  975
305415464  |  976
2135773081  |  977
0  |  978
607277676  |  979
1227185501  |  980
1830795853  |  981
2058655562  |  982
769970241  |  983
1995815906  |  984
312708868  |  985
1371990792  |  986
1629845145  |  987
1061277322  |  988
1026981286  |  989
262949186  |  990
368777137  |  991
0  |  992
217549091  |  993
1692078197  |  994
0  |  995
437965935  |  996
0  |  997
1051984607  |  998
0  |  999
